gene_id
24162
24172
24188
24206
24225
24225
24232
24235
24241
24246
24246
24309
24310
24314
24331
24337
24367
24368
24377
24443
24451
24499
24653
24667
24673
24677
24678
24679
24684
24697
24699
24699
24703
24770
24787
24796
24877
24896
24948
25019
25022
25035
25097
25122
25159
25165
25194
25241
25248
25261
25267
25282
25419
25435
25478
25498
25506
25522
25538
25573
25577
25584
25603
25604
25615
25620
25625
25658
25673
25703
25744
25744
25748
26954
29157
29185
29218
29274
29275
29317
29364
29367
29389
29390
29393
29402
29421
29427
29435
29440
29457
29541
29542
29580
29584
29597
29613
29628
29668
29670
29674
29678
29705
29711
29713
29735
29743
29754
29757
50558
50558
50567
50669
50689
54315
54705
56764
56781
58820
58845
58852
58952
59076
59101
59108
59325
60323
60336
60341
60356
60374
60628
60661
63847
63938
64028
64040
64124
64152
64198
64300
64360
64363
64363
64387
64390
64460
64514
64539
64631
64635
64666
64679
64702
65028
65040
65183
65185
65274
78959
79122
79210
79214
79239
79248
79250
79434
79451
79563
80338
80900
81024
81504
81530
81652
81654
81708
81716
81732
81782
81830
83498
83508
83513
83526
83571
83584
83681
83722
83784
83788
83791
83800
83833
84026
84359
84401
84426
84428
84497
84578
84584
84598
84683
85270
85332
85384
85432
85490
89783
89784
89804
89805
89806
89842
94189
94196
94202
113892
113929
113931
113947
113959
114108
114553
114558
114709
114846
116483
116486
116565
116598
116633
116722
116831
116996
117019
117045
117104
117106
117259
117264
117272
117274
117278
117280
117282
117513
117526
117541
117553
117855
140608
140665
140669
140670
140673
140734
140938
140945
155423
170911
170911
170916
171046
171073
171085
171086
171122
171138
171145
171305
171356
171437
171441
171444
171562
171566
191569
192154
192204
192256
192360
245922
245955
245960
245975
246046
246060
246115
246120
246237
246299
246310
246331
252827
252857
252881
252889
252891
252929
252961
259225
259270
259274
260323
260326
266603
266631
266687
266716
266732
282634
282636
282827
286908
286924
286990
287173
287368
287371
287379
287380
287432
287475
287523
287543
287738
287766
287931
287953
287982
287984
288041
288075
288077
288092
288174
288176
288256
288259
288269
288271
288371
288414
288480
288516
288525
288533
288593
288615
288616
288683
288701
288707
288771
289342
289352
289380
289437
289468
289508
289603
289668
289752
289758
289785
289809
289809
289820
289994
290028
290029
290046
290291
290317
290350
290519
290627
290635
290647
290652
290669
290850
290905
291076
291135
291171
291182
291202
291206
291295
291320
291440
291571
291624
291635
291691
291694
291709
291733
291813
291844
291874
291885
291905
291927
291946
291974
291975
291983
291987
292022
292074
292188
292267
292305
292464
292584
292588
292756
292770
292810
292847
292886
292888
292894
292898
292935
293017
293054
293067
293142
293154
293156
293489
293615
293620
293620
293623
293671
293691
293692
293701
293721
293722
293754
293783
294030
294048
294119
294231
294258
294422
294436
294606
294698
294783
294973
295052
295107
295234
295235
295243
295293
295338
295344
295395
295428
295625
295669
296118
296136
296301
296346
296360
296461
296467
296474
296583
296588
296635
296639
296753
297077
297123
297336
297337
297387
297406
297508
297522
297525
297554
297814
298075
298095
298144
298300
298369
298370
298381
298504
298541
298584
298596
298609
298700
298712
298757
298874
299027
299050
299145
299156
299201
299246
299569
299607
299783
299810
299827
299907
300032
300120
300191
300258
300384
300447
300474
300679
300724
300726
300754
300786
300837
300880
300955
300982
300994
301009
301081
301121
301128
301235
301265
301348
301446
301513
301529
301555
302290
302495
302711
302915
302981
303000
303076
303088
303090
303100
303101
303226
303238
303245
303280
303281
303313
303346
303353
303372
303536
303547
303604
303740
303753
303755
303792
303830
304037
304074
304204
304277
304291
304474
304496
304542
304569
304799
304885
304951
304978
305083
305291
305310
305353
305461
305494
305506
305549
305571
305624
305846
305853
305896
306129
306203
306260
306338
306357
306469
306527
306600
306771
306819
307133
307171
307210
307271
307390
307403
307410
307505
307553
307639
307643
307644
307652
307810
307924
308140
308266
308335
308345
308434
308443
308518
308588
308663
308761
308796
308906
308944
308977
308990
309010
309060
309106
309139
309170
309177
309186
309373
309399
309447
309456
309565
309628
309678
309758
309855
309995
310244
310326
310375
310377
310483
310552
310553
310626
310640
310661
310672
310674
310781
310811
310843
310877
310960
311111
311171
311215
311218
311299
311346
311405
311562
311569
311642
311839
311842
311847
311849
311854
311902
312083
312132
312372
312566
312638
312640
312694
312824
312903
312936
313030
313038
313047
313053
313115
313166
313167
313200
313231
313388
313430
313481
313535
313563
313618
313647
313666
313742
313772
313969
314336
314399
314432
314442
314443
314462
314553
314617
314622
314641
314648
314718
314788
314836
314856
315059
315084
315121
315159
315272
315327
315329
315509
315598
315697
315939
315997
316034
316051
316102
316123
316131
316370
316611
316626
316640
317218
317260
317379
317470
317612
353227
353255
360243
360459
360477
360502
360503
360518
360548
360551
360555
360570
360571
360600
360631
360637
360673
360678
360703
360715
360734
360739
360747
360760
360776
360785
360818
360820
360967
360969
360975
360983
360990
361005
361020
361046
361047
361055
361068
361071
361073
361102
361176
361183
361184
361219
361282
361285
361295
361301
361308
361309
361328
361365
361390
361402
361407
361410
361425
361458
361472
361527
361571
361618
361628
361630
361634
361654
361677
361700
361712
361747
361771
361789
361791
361816
361818
361845
361859
361866
361884
361925
361941
361956
362004
362011
362012
362031
362102
362138
362152
362162
362169
362227
362247
362251
362252
362274
362281
362288
362356
362374
362375
362377
362388
362452
362453
362477
362490
362502
362521
362557
362599
362600
362699
362737
362738
362825
362835
362844
362849
362860
362883
362899
362902
362974
362979
362987
362998
363006
363067
363082
363146
363150
363160
363165
363195
363249
363268
363269
363291
363465
363483
363545
363674
363675
363676
363854
363984
364380
364386
364398
364675
364878
364975
365388
365390
365394
365668
365703
365703
365960
366189
366276
366277
366347
366381
366508
366515
366532
366545
366602
366854
366952
366962
366988
367767
367909
369016
406166
407765
432360
474146
497914
497941
498003
498033
498066
498100
498154
498225
498266
498353
498486
498538
498606
498709
498886
499146
499185
499265
499280
499328
499507
499558
499602
499626
499677
499725
499749
499891
499990
500117
500449
500528
500689
500841
500972
500991
501065
501069
501095
501736
503257
553106
619374
619385
619393
619436
619573
619574
619577
654441
654496
679462
679747
679907
679957
680006
680172
680423
680466
680945
681023
681062
681315
681418
681578
683402
683667
684050
684314
684322
684972
685284
685425
685462
685579
685620
686323
686539
686611
687633
688813
688912
689030
689314
689364
689588
689688
689959
689997
690163
690254
690516
690660
690820
690845
690871
691209
691307
691455
691947
100034253
100125361
100125370
100151767
100188944
100322884
100360501
100362458
100362554
100362554
100364990
100529260
100913063
102551208
